0.000000 0.000000 0.00000		 
0.000000 0.000000 0.00000
0.000000 0.000000 0.00000
0.000000 0.000000 0.00000
0.000000 0.000000 0.00000
0.000000 0.000000 0.00000
0.000000 0.000000 0.00000
0.000000 0.000000 0.00000
0.000000 0.000000 0.00000
0.000000 0.000000 0.00000
0.000000 0.000000 0.00000
0.000000 0.000000 0.00000
-2.202456 0.365287 0.0000		 
-3.359302 0.371835 0.0000
-3.647507 0.376730 0.0000
-3.842466 0.372975 0.0000
-1.970025 0.356222 0.0000
-2.129178 0.355420 0.0000
-2.458833 0.356492 0.0000
-2.396086 0.360538 0.0000
-2.918473 0.344257 0.0000
-0.282822 0.330315 0.0000
2.640777 0.426410 0.00000
-1.727908 0.364283 0.0000
0.000000 0.000000 0.00000
0.000000 0.000000 0.00000
0.000000 0.000000 0.00000
0.000000 0.000000 0.00000
0.000000 0.000000 0.00000
0.000000 0.000000 0.00000
0.000000 0.000000 0.00000
0.000000 0.000000 0.00000
0.000000 0.000000 0.00000
0.000000 0.000000 0.00000
0.000000 0.000000 0.00000
0.000000 0.000000 0.00000
0.000000 0.000000 0.00000
0.000000 0.000000 0.00000
0.000000 0.000000 0.00000
0.000000 0.000000 0.00000
0.000000 0.000000 0.00000
0.000000 0.000000 0.00000
0.000000 0.000000 0.00000
0.000000 0.000000 0.00000
0.000000 0.000000 0.00000
0.000000 0.000000 0.00000
0.000000 0.000000 0.00000
0.000000 0.000000 0.00000
0.000000 0.000000 0.00000
0.000000 0.000000 0.00000
0.000000 0.000000 0.00000
0.000000 0.000000 0.00000
0.000000 0.000000 0.00000
0.000000 0.000000 0.00000
0.000000 0.000000 0.00000
0.000000 0.000000 0.00000
0.000000 0.000000 0.00000
0.000000 0.000000 0.00000
0.000000 0.000000 0.00000
0.000000 0.000000 0.00000
0.000000 0.000000 0.00000
0.000000 0.000000 0.00000
0.000000 0.000000 0.00000
0.000000 0.000000 0.00000
0.  1.  0. 
0.  1.  0.
0.  1.  0.
0.  1.  0.
0   1.  0. 
0.  1.  0. 
0.   1.  0. 
0.   1.  0. 
0.  1.  0. 
0.  1.  0.
0.  1.  0.
0.  1.  0.
0.  1.  0. 
0.  1.  0.
0.  1.  0.
0.  1.  0.
0.  1.  0.  
0.  1.  0.  
0.  1.  0.  
0.  1.  0.  
0.  1.  0.  
0.  1.  0.  
0.  1.  0.  
0.  1.  0.  
0.  1.  0. 
0.  1.  0.
0.  1.  0.
0.  1.  0.
0.  1.  0.
0.  1.  0.
0.  1.  0.
0.  1.  0.
0.  1.  0.
0.  1.  0.
0.  1.  0.
0.  1.  0.
0  1.  0. 
0  1.  0. 
0  1.  0. 
0  1.  0. 
0.  1.  0. 
0.  1.  0.
0.  1.  0.
0.  1.  0.
0  1.  0.
0  1.  0.
0  1.  0.
0  1.  0.
0.  1.  0. 
0.  1.  0.
0.  1.  0.
0.  1.  0.
0  1.  0.
0   1.  0.
0   1.  0.
0  1.  0.
0  1.  0.
0  1.  0.
0  1.  0.
0  1.  0.
0.  1.  0. 
0.  1.  0.
0.  1.  0.
0.  1.  0.
