0.000000 0.000000 0.00000		 
0.000000 0.000000 0.00000
0.000000 0.000000 0.00000
0.000000 0.000000 0.00000
0.000000 0.000000 0.00000
0.000000 0.000000 0.00000
0.000000 0.000000 0.00000
0.000000 0.000000 0.00000
0.000000 0.000000 0.00000
0.000000 0.000000 0.00000
0.000000 0.000000 0.00000
0.000000 0.000000 0.00000
0.696556 0.356671 0.000000 
0.122723 0.354489 0.00000
-0.065429 0.355289 0.0000
0.948678 0.341950 0.00000
-0.291437 0.459910 0.0000
0.948099 0.413605 0.00000
0.970116 0.405327 0.00000
0.587627 0.420447 0.00000
-0.154979 0.362037 0.0000
-0.060183 0.373481 0.0000
-0.078909 0.357202 0.0000
-0.140498 0.372275 0.0000
0.000000 0.000000 0.00000	
0.000000 0.000000 0.00000	
0.000000 0.000000 0.00000
0.000000 0.000000 0.00000
0.000000 0.000000 0.00000
0.000000 0.000000 0.00000
0.000000 0.000000 0.00000
0.000000 0.000000 0.00000
0.000000 0.000000 0.00000
0.000000 0.000000 0.00000
0.000000 0.000000 0.00000
0.000000 0.000000 0.00000
0.000000 0.000000 0.00000
0.000000 0.000000 0.00000
0.000000 0.000000 0.00000
0.000000 0.000000 0.00000
0.000000 0.000000 0.00000
0.000000 0.000000 0.00000
0.000000 0.000000 0.00000
0.000000 0.000000 0.00000
0.000000 0.000000 0.00000
0.000000 0.000000 0.00000
0.000000 0.000000 0.00000
0.000000 0.000000 0.00000
0.000000 0.000000 0.00000
0.000000 0.000000 0.00000
0.000000 0.000000 0.00000
0.000000 0.000000 0.00000
0.000000 0.000000 0.00000
0.000000 0.000000 0.00000
0.000000 0.000000 0.00000
0.000000 0.000000 0.00000
0.000000 0.000000 0.00000
0.000000 0.000000 0.00000
0.000000 0.000000 0.00000
0.000000 0.000000 0.00000
0.000000 0.000000 0.00000
0.000000 0.000000 0.00000
0.000000 0.000000 0.00000
0.000000 0.000000 0.00000
0.  1.  0. 
0.  1.  0.
0.  1.  0.
0.  1.  0.
0   1.  0. 
0.  1.  0. 
0.   1.  0. 
0.   1.  0. 
0.  1.  0. 
0.  1.  0.
0.  1.  0.
0.  1.  0.
0.  1.  0. 
0.  1.  0.
0.  1.  0.
0.  1.  0.
0.  1.  0.  
0.  1.  0.  
0.  1.  0.  
0.  1.  0.  
0.  1.  0.  
0.  1.  0.  
0.  1.  0.  
0.  1.  0.  
0.  1.  0. 
0.  1.  0.
0.  1.  0.
0.  1.  0.
0.  1.  0.
0.  1.  0.
0.  1.  0.
0.  1.  0.
0.  1.  0.
0.  1.  0.
0.  1.  0.
0.  1.  0.
0  1.  0. 
0  1.  0. 
0  1.  0. 
0  1.  0. 
0.  1.  0. 
0.  1.  0.
0.  1.  0.
0.  1.  0.
0  1.  0.
0  1.  0.
0  1.  0.
0  1.  0.
0.  1.  0. 
0.  1.  0.
0.  1.  0.
0.  1.  0.
0  1.  0.
0   1.  0.
0   1.  0.
0  1.  0.
0  1.  0.
0  1.  0.
0  1.  0.
0  1.  0.
0.  1.  0. 
0.  1.  0.
0.  1.  0.
0.  1.  0.
