0.000000 0.000000 0.00000
0.000000 0.000000 0.00000
0.000000 0.000000 0.00000
0.000000 0.000000 0.00000
0.000000 0.000000 0.00000
0.000000 0.000000 0.00000
0.000000 0.000000 0.00000
0.000000 0.000000 0.00000
0.000000 0.000000 0.00000
0.000000 0.000000 0.00000
0.000000 0.000000 0.00000
0.000000 0.000000 0.00000
0.000000 0.000000 0.00000
0.000000 0.000000 0.00000
0.000000 0.000000 0.00000
0.000000 0.000000 0.00000
0.000000 0.000000 0.00000
0.000000 0.000000 0.00000
0.000000 0.000000 0.00000
0.000000 0.000000 0.00000
0.000000 0.000000 0.00000
0.000000 0.000000 0.00000
0.000000 0.000000 0.00000
0.000000 0.000000 0.00000
0.000000 0.000000 0.00000
0.000000 0.000000 0.00000
0.000000 0.000000 0.00000
0.000000 0.000000 0.00000
0.000000 0.000000 0.00000
0.000000 0.000000 0.00000
0.000000 0.000000 0.00000
0.000000 0.000000 0.00000
0.000000 0.000000 0.00000
0.000000 0.000000 0.00000
0.000000 0.000000 0.00000
0.000000 0.000000 0.00000
0.000000 0.000000 0.00000
0.000000 0.000000 0.00000
0.000000 0.000000 0.00000
0.000000 0.000000 0.00000
0.000000 0.000000 0.00000
0.000000 0.000000 0.00000
0.000000 0.000000 0.00000
0.000000 0.000000 0.00000
0.000000 0.000000 0.00000
0.000000 0.000000 0.00000
0.000000 0.000000 0.00000
0.000000 0.000000 0.00000
-2.083815 0.348020 0.0000
-0.933552 0.339794 0.0000
-0.309543 0.356399 0.0000
-0.471922 0.357018 0.0000
-1.616496 0.364459 0.0000
-1.625146 0.355841 0.0000
-3.190978 0.373796 0.0000
-1.936108 0.356647 0.0000
-2.446346 0.364440 0.0000
-2.236792 0.370249 0.0000
-2.000000 0.3500000 0.000
-1.335501 0.358279 0.0000
-2.384140 0.364242 0.0000
-4.202447 0.367307 0.0000
-2.811345 0.370282 0.0000
-1.835267 0.357875 0.0000
-1.607570 0.330108 0.0000
-0.840095 0.344981 0.0000
-2.986089 0.337348 0.0000
-0.774787 0.341780 0.0000
-2.142458 0.355527 0.0000
-1.795900 0.337424 0.0000
-2.747556 0.347962 0.0000
-0.891733 0.343983 0.0000
-2.038868 0.353872 0.0000
-2.161384 0.360830 0.0000
-0.498081 0.334810 0.0000
-0.329174 0.359904 0.0000
-1.940815 0.354165 0.0000
-0.915951 0.349696 0.0000
-3.305798 0.338903 0.0000
-2.425174 0.343733 0.0000
-2.223657 0.345659 0.0000
4.174977 0.337203 0.00000
4.915257 0.352093 0.00000
-1.492085 0.350818 0.0000
-0.584846 0.247633 0.0000
-0.558858 0.242118 0.0000
-1.207324 0.251172 0.0000
-1.342541 0.248065 0.0000
-1.868351 0.352230 0.0000
-1.853533 0.355330 0.0000
-2.954125 0.345561 0.0000
-1.051191 0.363371 0.0000
-1.129201 0.362982 0.0000
-1.194044 0.358351 0.0000
-3.538402 0.351433 0.0000
-0.231956 0.248058 0.0000
0.000000 0.000000 0.00000
0.000000 0.000000 0.00000
0.000000 0.000000 0.00000
0.000000 0.000000 0.00000
0.000000 0.000000 0.00000
0.000000 0.000000 0.00000
0.000000 0.000000 0.00000
0.000000 0.000000 0.00000
0.000000 0.000000 0.00000
0.000000 0.000000 0.00000
0.000000 0.000000 0.00000
0.000000 0.000000 0.00000
0.000000 0.000000 0.00000
0.000000 0.000000 0.00000
0.000000 0.000000 0.00000
0.000000 0.000000 0.00000
0.000000 0.000000 0.00000
0.000000 0.000000 0.00000
0.000000 0.000000 0.00000
0.000000 0.000000 0.00000
0.000000 0.000000 0.00000
0.000000 0.000000 0.00000
0.000000 0.000000 0.00000
0.000000 0.000000 0.00000
0.000000 0.000000 0.00000
0.000000 0.000000 0.00000
0.000000 0.000000 0.00000
0.000000 0.000000 0.00000
0.000000 0.000000 0.00000
0.000000 0.000000 0.00000
0.000000 0.000000 0.00000
0.000000 0.000000 0.00000
0.000000 0.000000 0.00000
0.000000 0.000000 0.00000
0.000000 0.000000 0.00000
0.000000 0.000000 0.00000
0.000000 0.000000 0.00000
0.000000 0.000000 0.00000
0.000000 0.000000 0.00000
0.000000 0.000000 0.00000
0.000000 0.000000 0.00000
0.000000 0.000000 0.00000
0.000000 0.000000 0.00000
0.000000 0.000000 0.00000
0.000000 0.000000 0.00000
0.000000 0.000000 0.00000
0.000000 0.000000 0.00000
0.000000 0.000000 0.00000
0.000000 0.000000 0.00000
0.000000 0.000000 0.00000
0.000000 0.000000 0.00000
0.000000 0.000000 0.00000
0.000000 0.000000 0.00000
0.000000 0.000000 0.00000
0.000000 0.000000 0.00000
0.000000 0.000000 0.00000
0.000000 0.000000 0.00000
0.000000 0.000000 0.00000
0.000000 0.000000 0.00000
0.000000 0.000000 0.00000
0.000000 0.000000 0.00000
0.000000 0.000000 0.00000
0.000000 0.000000 0.00000
0.000000 0.000000 0.00000
0.000000 0.000000 0.00000
0.000000 0.000000 0.00000
0.000000 0.000000 0.00000
0.000000 0.000000 0.00000
0.000000 0.000000 0.00000
0.000000 0.000000 0.00000
0.000000 0.000000 0.00000
0.000000 0.000000 0.00000
0.000000 0.000000 0.00000
0.000000 0.000000 0.00000
0.000000 0.000000 0.00000
0.000000 0.000000 0.00000
0.000000 0.000000 0.00000
0.000000 0.000000 0.00000
0.000000 0.000000 0.00000
0.000000 0.000000 0.00000
0.000000 0.000000 0.00000
0.000000 0.000000 0.00000
0.000000 0.000000 0.00000
0.000000 0.000000 0.00000
0.000000 0.000000 0.00000
0.000000 0.000000 0.00000
0.000000 0.000000 0.00000
0.000000 0.000000 0.00000
0.000000 0.000000 0.00000
0.000000 0.000000 0.00000
0.000000 0.000000 0.00000
0.000000 0.000000 0.00000
0.000000 0.000000 0.00000
0.000000 0.000000 0.00000
0.000000 0.000000 0.00000
0.000000 0.000000 0.00000
0.000000 0.000000 0.00000
0.000000 0.000000 0.00000
0.000000 0.000000 0.00000
0.000000 0.000000 0.00000
0.000000 0.000000 0.00000
0.000000 0.000000 0.00000
0.000000 0.000000 0.00000
0.000000 0.000000 0.00000
0.000000 0.000000 0.00000
0.000000 0.000000 0.00000
0.000000 0.000000 0.00000
0.000000 0.000000 0.00000
0.000000 0.000000 0.00000
0.000000 0.000000 0.00000
0.000000 0.000000 0.00000
0.000000 0.000000 0.00000
0.000000 0.000000 0.00000
0.000000 0.000000 0.00000
0.000000 0.000000 0.00000
0.000000 0.000000 0.00000
0.000000 0.000000 0.00000
0.000000 0.000000 0.00000
0.000000 0.000000 0.00000
0.000000 0.000000 0.00000
0.000000 0.000000 0.00000
0.000000 0.000000 0.00000
0.000000 0.000000 0.00000
0.000000 0.000000 0.00000
0.000000 0.000000 0.00000
0.000000 0.000000 0.00000
0.000000 0.000000 0.00000
0.000000 0.000000 0.00000
0.000000 0.000000 0.00000
0.000000 0.000000 0.00000
0.000000 0.000000 0.00000
0.000000 0.000000 0.00000
0.000000 0.000000 0.00000
0.000000 0.000000 0.00000
0.000000 0.000000 0.00000
0.000000 0.000000 0.00000
0.000000 0.000000 0.00000
0.000000 0.000000 0.00000
0.000000 0.000000 0.00000
0.000000 0.000000 0.00000
0.000000 0.000000 0.00000
0.000000 0.000000 0.00000
0.000000 0.000000 0.00000
0.000000 0.000000 0.00000
0.000000 0.000000 0.00000
0.000000 0.000000 0.00000
0.000000 0.000000 0.00000
0.000000 0.000000 0.00000
0.000000 0.000000 0.00000
0.000000 0.000000 0.00000
0.000000 0.000000 0.00000
0.000000 0.000000 0.00000
0.000000 0.000000 0.00000
0.000000 0.000000 0.00000
0.000000 0.000000 0.00000
0.000000 0.000000 0.00000
0.000000 0.000000 0.00000
0.000000 0.000000 0.00000
0.000000 0.000000 0.00000
0.000000 0.000000 0.00000
0.  1.  0.	   
0.  1.  0.	   
0.  1.  0.	   
0.  1.  0.	   
0.  1.  0.	   
0.  1.  0.	   
0.  1.  0.	   
0.  1.  0.	   
0.  1.  0.	   
0.  1.  0.	   
0.  1.  0.	   
0.  1.  0.	   
0.  1.  0.	   
0.  1.  0.	   
0.  1.  0.	   
0.  1.  0.	   
0.  1.  0.	   
0.  1.  0.	   
0.  1.  0.	   
0.  1.  0.	   
0.  1.  0.	   
0.  1.  0.	   
0.  1.  0.	   
0.  1.  0.	   
0.  1.  0.	   
0.  1.  0.	   
0.  1.  0.	   
0.  1.  0.	   
0.  1.  0.	   
0.  1.  0.	   
0.  1.  0.	   
0.  1.  0.	   
0.  1.  0.	   
0.  1.  0.	   
0.  1.  0.	   
0.  1.  0.	   
0.  1.  0.	   
0.  1.  0.	   
0.  1.  0.	   
0.  1.  0.	   
0.  1.  0.	   
0.  1.  0.	   
0.  1.  0.	   
0.  1.  0.	   
0.  1.  0.	   
0.  1.  0.	   
0.  1.  0.	   
0.  1.  0.	   
0.  1.  0.	   
0.  1.  0.	   
0.  1.  0.	   
0.  1.  0.	   
0.  1.  0.	   
0.  1.  0.	   
0.  1.  0.	   
0.  1.  0.	   
0.  1.  0.	   
0.  1.  0.	   
0.  1.  0.	   
0.  1.  0.	   
0.  1.  0.	   
0.  1.  0.	   
0.  1.  0.	   
0.  1.  0.	   
0.  1.  0.	   
0.  1.  0.	   
0.  1.  0.	   
0.  1.  0.	   
0.  1.  0.	   
0.  1.  0.	   
0.  1.  0.	   
0.  1.  0.	   
0.  1.  0.	   
0.  1.  0.	   
0.  1.  0.	   
0.  1.  0.	   
0.  1.  0.	   
0.  1.  0.	   
0.  1.  0.	   
0.  1.  0.	   
0.  1.  0.	   
0.  1.  0.	   
0.  1.  0.	   
0.  1.  0.	   
0.  1.  0.	   
0.  1.  0.	   
0.  1.  0.	   
0.  1.  0.	   
0.  1.  0.	   
0.  1.  0.	   
0.  1.  0.	   
0.  1.  0.	   
0.  1.  0.	   
0.  1.  0.	   
0.  1.  0.	   
0.  1.  0.	   
0.  1.  0.	   
0.  1.  0.	   
0.  1.  0.	   
0.  1.  0.	   
0.  1.  0.	   
0.  1.  0.	   
0.  1.  0.	   
0.  1.  0.	   
0.  1.  0.	   
0.  1.  0.	   
0.  1.  0.	   
0.  1.  0.	   
0.  1.  0.	   
0.  1.  0.	   
0.  1.  0.	   
0.  1.  0.	   
0.  1.  0.	   
0.  1.  0.	   
0.  1.  0.	   
0.  1.  0.	   
0.  1.  0.	   
0.  1.  0.	   
0.  1.  0.	   
0.  1.  0.	   
0.  1.  0.	   
0.  1.  0.	   
0.  1.  0.	   
0.  1.  0.	   
0.  1.  0.	   
0.  1.  0.	   
0.  1.  0.	   
0.  1.  0.	   
0.  1.  0.	   
0.  1.  0.	   
0.  1.  0.	   
0.  1.  0.	   
0.  1.  0.	   
0.  1.  0.	   
0.  1.  0.	   
0.  1.  0.	   
0.  1.  0.	   
0.  1.  0.	   
0.  1.  0.	   
0.  1.  0.	   
0.  1.  0.	   
0.  1.  0.	   
0.  1.  0.	   
0.  1.  0.	   
0.  1.  0.	   
0.  1.  0.	   
0.  1.  0.	   
0.  1.  0.	   
0.  1.  0.	   
0.  1.  0.	   
0.  1.  0.	   
0.  1.  0.	   
0.  1.  0.	   
0.  1.  0.	   
0.  1.  0.	   
0.  1.  0.	   
0.  1.  0.	   
0.  1.  0.	   
0.  1.  0.	   
0.  1.  0.	   
0.  1.  0.	   
0.  1.  0.	   
0.  1.  0.	   
0.  1.  0.	   
0.  1.  0.	   
0.  1.  0.	   
0.  1.  0.	   
0.  1.  0.	   
0.  1.  0.	   
0.  1.  0.	   
0.  1.  0.	   
0.  1.  0.	   
0.  1.  0.	   
0.  1.  0.	   
0.  1.  0.	   
0.  1.  0.	   
0.  1.  0.	   
0.  1.  0.	   
0.  1.  0.	   
0.  1.  0.	   
0.  1.  0.	   
0.  1.  0.	   
0.  1.  0.	   
0.  1.  0.	   
0.  1.  0.	   
0.  1.  0.	   
0.  1.  0.	   
0.  1.  0.	   
0.  1.  0.	   
0.  1.  0.	   
0.  1.  0.	   
0.  1.  0.	   
0.  1.  0.	   
0.  1.  0.	   
0.  1.  0.	   
0.  1.  0.	   
0.  1.  0.	   
0.  1.  0.	   
0.  1.  0.	   
0.  1.  0.	   
0.  1.  0.	   
0.  1.  0.	   
0.  1.  0.	   
0.  1.  0.	   
0.  1.  0.	   
0.  1.  0.	   
0.  1.  0.	   
0.  1.  0.	   
0.  1.  0.	   
0.  1.  0.	   
0.  1.  0.	   
0.  1.  0.	   
0.  1.  0.	   
0.  1.  0.	   
0.  1.  0.	   
0.  1.  0.	   
0.  1.  0.	   
0.  1.  0.	   
0.  1.  0.	   
0.  1.  0.	   
0.  1.  0.	   
0.  1.  0.	   
0.  1.  0.	   
0.  1.  0.	   
0.  1.  0.	   
0.  1.  0.	   
0.  1.  0.	   
0.  1.  0.	   
0.  1.  0.	   
0.  1.  0.	   
0.  1.  0.	   
0.  1.  0.	   
0.  1.  0.	   
0.  1.  0.	   
0.  1.  0.	   
0.  1.  0.	   
0.  1.  0.	   
0.  1.  0.	   
0.  1.  0.	   
0.  1.  0.	   
0.  1.  0.	   
0.  1.  0.	   
0.  1.  0.	   
0.  1.  0.	   
0.  1.  0.	   
0.  1.  0.	   
0.  1.  0.	   
0.  1.  0.	   
0.  1.  0.	   
0.  1.  0.	   
0.  1.  0.	   
0.  1.  0.	   
0.  1.  0.	   
0.  1.  0.	   
0.  1.  0.	   
0.  1.  0.	   

