#  Z   N   Fission Yield
  23  43   5.1302800e-16
  24  42   4.4674900e-12
  24  43   1.4297500e-12
  24  44   1.7045700e-13
  24  45   2.8578000e-15
  24  46   0.0000000e+00
  25  41   5.3969300e-10
  25  42   7.0212800e-10
  25  43   2.3348200e-10
  25  44   2.9585100e-11
  25  45   2.8190900e-12
  25  46   3.4928500e-13
  25  47   9.5333200e-15
  25  48   1.7381600e-16
  26  40   7.3763350e-09
  26  41   1.4739180e-08
  26  42   2.6715690e-08
  26  43   9.5289970e-09
  26  44   4.0323320e-09
  26  45   1.2586460e-09
  26  46   1.9494200e-10
  26  47   1.0176300e-11
  26  48   4.8957000e-13
  26  49   3.6167100e-15
  26  50   0.0000000e+00
  27  39   3.1884630e-09
  27  40   2.1495320e-08
  27  41   7.7443150e-08
  27  42   1.4994780e-07
  27  43   1.3302636e-07
  27  44   1.6138770e-07
  27  45   7.1498650e-08
  27  46   1.8052680e-08
  27  47   2.4546440e-09
  27  48   1.6835100e-10
  27  49   1.9754400e-11
  27  50   2.5963500e-12
  27  51   4.2158000e-14
  28  38   1.8693900e-10
  28  39   2.0418620e-09
  28  40   3.8255150e-08
  28  41   1.6211107e-07
  28  42   4.6460170e-07
  28  43   1.0766450e-06
  28  44   2.0902440e-06
  28  45   1.2727940e-06
  28  46   8.6392200e-07
  28  47   2.2031160e-07
  28  48   9.9769140e-08
  28  49   2.2850080e-08
  28  50   2.6207710e-09
  28  51   4.9141600e-11
  28  52   1.0046500e-12
  28  53   1.8601800e-14
  28  54   0.0000000e+00
  29  37   1.4882500e-13
  29  38   6.4361900e-12
  29  39   3.0212820e-10
  29  40   8.2492900e-09
  29  41   5.1609909e-08
  29  42   4.1125240e-07
  29  43   1.7944610e-06
  29  44   3.9993080e-06
  29  45   5.5290620e-06
  29  46   8.3915190e-06
  29  47   7.6239330e-06
  29  48   5.5425510e-06
  29  49   2.0208430e-06
  29  50   2.9307520e-07
  29  51   2.3774880e-08
  29  52   2.1368640e-09
  29  53   6.5305000e-11
  29  54   3.8057400e-12
  29  55   1.6557800e-14
  30  36   0.0000000e+00
  30  37   7.5958200e-16
  30  38   2.1935900e-13
  30  39   1.7785450e-11
  30  40   4.9806500e-10
  30  41   8.8672470e-09
  30  42   1.8168450e-07
  30  43   9.0705730e-07
  30  44   5.0025630e-06
  30  45   1.7414580e-05
  30  46   4.8035750e-05
  30  47   6.2515890e-05
  30  48   1.0904950e-04
  30  49   5.2062820e-05
  30  50   2.8185870e-05
  30  51   6.8775620e-06
  30  52   1.0730430e-06
  30  53   1.4526440e-07
  30  54   4.1085880e-09
  30  55   1.5749500e-11
  30  56   4.7854400e-13
  31  36   0.0000000e+00
  31  37   0.0000000e+00
  31  38   0.0000000e+00
  31  39   1.0026900e-13
  31  40   7.6702000e-12
  31  41   4.6841010e-10
  31  42   1.0602120e-08
  31  43   1.3764197e-07
  31  44   2.3003120e-06
  31  45   1.1374120e-05
  31  46   4.7247830e-05
  31  47   1.9785060e-04
  31  48   4.4611920e-04
  31  49   6.0207870e-04
  31  50   7.3909220e-04
  31  51   3.1747590e-04
  31  52   1.5956140e-04
  31  53   1.7131850e-05
  31  54   4.7531140e-07
  31  55   3.4502420e-08
  31  56   1.4674160e-09
  31  57   6.9874700e-12
  31  58   5.3726800e-14
  32  37   0.0000000e+00
  32  38   0.0000000e+00
  32  39   0.0000000e+00
  32  40   7.6726500e-14
  32  41   4.7571400e-12
  32  42   3.2109500e-10
  32  43   1.3189497e-08
  32  44   2.3274950e-07
  32  45   2.2750111e-06
  32  46   4.3470120e-05
  32  47   2.6050315e-04
  32  48   1.2188590e-03
  32  49   3.0959046e-03
  32  50   6.4286990e-03
  32  51   6.3734600e-03
  32  52   3.8172570e-03
  32  53   4.2560690e-04
  32  54   1.2087170e-04
  32  55   1.2701720e-05
  32  56   3.7796660e-07
  32  57   7.8259560e-09
  32  58   1.1020600e-10
  32  59   6.6942800e-13
  33  39   0.0000000e+00
  33  40   0.0000000e+00
  33  41   0.0000000e+00
  33  42   2.4516200e-12
  33  43   9.4911900e-11
  33  44   4.7140360e-09
  33  45   2.8284610e-07
  33  46   9.4683450e-06
  33  47   9.1792290e-05
  33  48   8.4307930e-04
  33  49   3.7786570e-03
  33  50   1.3633000e-02
  33  51   2.2309380e-02
  33  52   1.3833570e-02
  33  53   8.4766130e-03
  33  54   3.4695050e-03
  33  55   3.5093510e-04
  33  56   3.5449850e-05
  33  57   2.0904240e-06
  33  58   6.0311180e-08
  33  59   1.6060100e-09
  33  60   2.0998100e-11
  33  61   3.5227600e-14
  33  62   0.0000000e+00
  34  40   0.0000000e+00
  34  41   0.0000000e+00
  34  42   0.0000000e+00
  34  43   3.3673590e-13
  34  44   1.1768000e-10
  34  45   1.4495854e-08
  34  46   5.1151620e-07
  34  47   1.1745431e-05
  34  48   2.2358450e-04
  34  49   1.5115581e-03
  34  50   1.3878460e-02
  34  51   2.4653940e-02
  34  52   4.7109950e-02
  34  53   3.9486450e-02
  34  54   1.9817980e-02
  34  55   5.8807170e-03
  34  56   1.9728510e-03
  34  57   1.5181660e-04
  34  58   1.5691750e-05
  34  59   7.5605030e-07
  34  60   8.7378250e-09
  34  61   2.1223700e-11
  34  62   4.7738500e-13
  35  42   0.0000000e+00
  35  43   0.0000000e+00
  35  44   7.4864500e-13
  35  45   5.2336300e-11
  35  46   5.6817180e-09
  35  47   1.0093373e-06
  35  48   7.4857540e-06
  35  49   2.2443296e-04
  35  50   2.7354760e-03
  35  51   9.9722940e-03
  35  52   2.3113990e-02
  35  53   3.5428080e-02
  35  54   3.8317360e-02
  35  55   8.9057500e-03
  35  56   3.4681850e-03
  35  57   3.3217920e-03
  35  58   8.0629900e-04
  35  59   3.5499130e-05
  35  60   8.2518870e-07
  35  61   3.2689680e-08
  35  62   2.8418500e-09
  35  63   8.4659600e-12
  35  64   4.1791200e-14
  35  65   0.0000000e+00
  36  43   0.0000000e+00
  36  44   0.0000000e+00
  36  45   7.7796300e-14
  36  46   2.1966800e-11
  36  47   1.2110950e-09
  36  48   2.2419260e-07
  36  49   1.0639517e-05
  36  50   1.7315920e-04
  36  51   4.6270590e-03
  36  52   1.6950370e-02
  36  53   2.9564530e-02
  36  54   6.2085790e-02
  36  55   5.4940260e-02
  36  56   2.7968750e-02
  36  57   1.1312540e-02
  36  58   7.6722920e-03
  36  59   8.2802340e-04
  36  60   1.0188650e-04
  36  61   1.4911530e-05
  36  62   3.6925090e-07
  36  63   5.0585760e-09
  36  64   0.0000000e+00
  36  65   0.0000000e+00
  36  66   0.0000000e+00
  37  44   0.0000000e+00
  37  45   0.0000000e+00
  37  46   5.4286200e-15
  37  47   3.8855500e-12
  37  48   1.3222730e-09
  37  49   4.9957120e-08
  37  50   1.4839990e-06
  37  51   3.1580460e-05
  37  52   8.5285030e-04
  37  53   6.2157760e-03
  37  54   1.4867380e-02
  37  55   3.5532000e-02
  37  56   4.5904890e-02
  37  57   1.8230740e-02
  37  58   5.8978120e-03
  37  59   6.6568470e-03
  37  60   2.8246170e-03
  37  61   2.9126836e-04
  37  62   1.9304140e-05
  37  63   2.5994700e-11
  37  64   1.7895100e-13
  37  65   2.6119600e-15
  37  66   5.1148100e-17
  37  67   1.3696100e-19
  37  68   0.0000000e+00
  38  45   0.0000000e+00
  38  46   0.0000000e+00
  38  47   0.0000000e+00
  38  48   6.8639300e-13
  38  49   5.1600100e-11
  38  50   8.3117140e-09
  38  51   1.1295940e-06
  38  52   3.0604360e-05
  38  53   1.8639000e-04
  38  54   2.3376550e-03
  38  55   8.8765920e-03
  38  56   2.9122010e-02
  38  57   4.5428230e-02
  38  58   3.4052840e-02
  38  59   2.5455050e-02
  38  60   1.3319520e-02
  38  61   2.6824010e-03
  38  62   1.9668480e-05
  38  63   7.3842830e-07
  38  64   5.2293460e-08
  38  65   2.7571490e-09
  38  66   5.8308600e-11
  38  67   1.3129200e-12
  38  68   4.9527700e-10
  38  69   1.7051500e-13
  39  47   0.0000000e+00
  39  48   0.0000000e+00
  39  49   2.8622500e-14
  39  50   4.9164300e-11
  39  51   2.7921710e-09
  39  52   7.7682570e-08
  39  53   3.8973380e-06
  39  54   4.8293390e-05
  39  55   5.4935460e-04
  39  56   4.3377640e-03
  39  57   6.8298590e-03
  39  58   1.5388840e-02
  39  59   2.0082507e-02
  39  60   1.8168450e-02
  39  61   5.1626416e-03
  39  62   1.3973800e-03
  39  63   2.7202966e-04
  39  64   5.8981560e-05
  39  65   5.7744660e-06
  39  66   7.3543460e-07
  39  67   8.6542340e-07
  39  68   7.7930880e-09
  39  69   3.9883100e-10
  39  70   6.2447300e-12
  40  48   0.0000000e+00
  40  49   0.0000000e+00
  40  50   0.0000000e+00
  40  51   9.1046600e-13
  40  52   3.6344400e-10
  40  53   8.2828630e-09
  40  54   5.9648950e-07
  40  55   1.4238490e-05
  40  56   1.0903790e-04
  40  57   5.5525750e-04
  40  58   3.0691100e-03
  40  59   8.3375030e-03
  40  60   8.4769430e-03
  40  61   5.5707680e-03
  40  62   3.2112990e-03
  40  63   1.2793480e-03
  40  64   6.4232640e-04
  40  65   2.3224020e-04
  40  66   8.9827020e-05
  40  67   7.8930710e-06
  40  68   1.3282730e-06
  40  69   7.4923630e-08
  40  70   9.8943300e-10
  40  71   1.4014600e-11
  40  72   6.1543900e-14
  41  49   0.0000000e+00
  41  50   0.0000000e+00
  41  51   0.0000000e+00
  41  52   3.9749160e-14
  41  53   1.1723420e-11
  41  54   1.2813710e-09
  41  55   4.3771520e-07
  41  56   8.3503172e-07
  41  57   2.4782939e-05
  41  58   2.2239579e-04
  41  59   4.2333360e-05
  41  60   1.6403430e-04
  41  61   1.9335920e-04
  41  62   2.1566920e-04
  41  63   2.5422360e-04
  41  64   2.8008480e-04
  41  65   2.9245580e-04
  41  66   2.1829560e-04
  41  67   9.1613030e-05
  41  68   2.7777020e-05
  41  69   1.5481000e-06
  41  70   1.0040980e-07
  41  71   2.0923670e-09
  41  72   9.4043200e-11
  41  73   5.1662700e-13
  41  74   1.1339500e-15
  42  50   0.0000000e+00
  42  51   0.0000000e+00
  42  52   0.0000000e+00
  42  53   0.0000000e+00
  42  54   5.1323000e-13
  42  55   4.2681800e-11
  42  56   2.5664750e-09
  42  57   2.3904240e-07
  42  58   2.2150100e-10
  42  59   4.4144310e-09
  42  60   2.3486860e-08
  42  61   6.3933880e-08
  42  62   4.8955260e-07
  42  63   1.5695140e-06
  42  64   1.0112900e-04
  42  65   2.6822040e-04
  42  66   4.3670040e-04
  42  67   3.6415770e-04
  42  68   1.9056680e-04
  42  69   2.8438670e-05
  42  70   3.7931540e-06
  42  71   4.2361870e-07
  42  72   1.4165740e-08
  42  73   1.3779400e-10
  42  74   1.2877600e-12
  42  75   1.4187400e-14
  43  52   0.0000000e+00
  43  53   0.0000000e+00
  43  54   0.0000000e+00
  43  55   9.1234500e-15
  43  56   8.6724400e-12
  43  57   0.0000000e+00
  43  58   0.0000000e+00
  43  59   0.0000000e+00
  43  60   8.7387400e-15
  43  61   3.1707300e-13
  43  62   5.6173100e-12
  43  63   1.1615890e-06
  43  64   1.6124980e-05
  43  65   8.2449080e-05
  43  66   2.5950260e-04
  43  67   3.9253080e-04
  43  68   3.5912550e-04
  43  69   1.5866630e-04
  43  70   6.9005320e-05
  43  71   8.5271970e-06
  43  72   5.5630500e-07
  43  73   2.1600160e-08
  43  74   1.0577370e-09
  43  75   3.3842600e-11
  43  76   6.7330400e-13
  43  77   2.0386500e-15
  44  54   0.0000000e+00
  44  55   0.0000000e+00
  44  56   0.0000000e+00
  44  57   0.0000000e+00
  44  58   0.0000000e+00
  44  59   0.0000000e+00
  44  60   0.0000000e+00
  44  61   0.0000000e+00
  44  62   8.2788400e-10
  44  63   2.9513280e-08
  44  64   1.1638790e-06
  44  65   1.0390580e-05
  44  66   1.2433720e-04
  44  67   3.1022270e-04
  44  68   5.4008470e-04
  44  69   4.8169343e-04
  44  70   2.9789210e-04
  44  71   7.7046240e-05
  44  72   1.7077220e-05
  44  73   2.3197950e-06
  44  74   2.7674500e-07
  44  75   1.5212440e-08
  44  76   2.8812100e-10
  44  77   1.6786100e-12
  44  78   1.2722000e-14
  44  79   2.0613900e-16
  44  80   0.0000000e+00
  45  55   0.0000000e+00
  45  56   0.0000000e+00
  45  57   0.0000000e+00
  45  58   0.0000000e+00
  45  59   0.0000000e+00
  45  60   0.0000000e+00
  45  61   0.0000000e+00
  45  62   1.2761300e-12
  45  63   3.4424400e-10
  45  64   1.5512560e-08
  45  65   7.3745500e-07
  45  66   1.8001320e-05
  45  67   7.8898100e-05
  45  68   2.2330610e-04
  45  69   3.7782150e-04
  45  70   4.8501430e-04
  45  71   2.8465410e-04
  45  72   1.5656020e-04
  45  73   4.4831060e-05
  45  74   1.0632510e-05
  45  75   7.5556640e-07
  45  76   2.7913130e-08
  45  77   6.5753600e-10
  45  78   3.6598100e-11
  45  79   3.1284100e-13
  45  80   8.9930400e-16
  45  81   0.0000000e+00
  45  82   0.0000000e+00
  45  83   0.0000000e+00
  46  56   0.0000000e+00
  46  57   0.0000000e+00
  46  58   0.0000000e+00
  46  59   0.0000000e+00
  46  60   0.0000000e+00
  46  61   0.0000000e+00
  46  62   0.0000000e+00
  46  63   7.4167900e-13
  46  64   3.6557300e-10
  46  65   5.1012650e-08
  46  66   9.1171130e-07
  46  67   5.9521130e-06
  46  68   4.9523830e-05
  46  69   2.0232071e-04
  46  70   4.1314370e-04
  46  71   4.8387920e-04
  46  72   4.2406270e-04
  46  73   2.4178520e-04
  46  74   9.5854090e-05
  46  75   1.3925490e-05
  46  76   1.5626970e-06
  46  77   1.8819190e-07
  46  78   8.4915420e-09
  46  79   1.1128800e-10
  46  80   0.0000000e+00
  46  81   0.0000000e+00
  46  82   0.0000000e+00
  46  83   0.0000000e+00
  46  84   0.0000000e+00
  46  85   1.0748200e-14
  47  58   0.0000000e+00
  47  59   0.0000000e+00
  47  60   0.0000000e+00
  47  61   0.0000000e+00
  47  62   0.0000000e+00
  47  63   0.0000000e+00
  47  64   5.8155700e-12
  47  65   2.5283600e-10
  47  66   6.3945650e-09
  47  67   1.9443941e-07
  47  68   4.8182695e-06
  47  69   2.2774790e-05
  47  70   9.4323180e-05
  47  71   1.5836290e-04
  47  72   2.9684588e-04
  47  73   3.2984910e-04
  47  74   2.3128820e-04
  47  75   7.2975620e-05
  47  76   2.9731290e-05
  47  77   4.6169310e-06
  47  78   4.0489830e-07
  47  79   2.5784800e-11
  47  80   2.3853900e-12
  47  81   1.5605300e-13
  47  82   4.0688500e-15
  47  83   0.0000000e+00
  47  84   1.6303980e-09
  47  85   7.6476100e-11
  47  86   3.1215300e-14
  48  60   0.0000000e+00
  48  61   0.0000000e+00
  48  62   0.0000000e+00
  48  63   0.0000000e+00
  48  64   0.0000000e+00
  48  65   2.4253550e-13
  48  66   4.4472300e-11
  48  67   4.7370430e-09
  48  68   8.0568980e-08
  48  69   8.7805088e-07
  48  70   5.0513600e-06
  48  71   2.2548480e-05
  48  72   1.1529590e-04
  48  73   2.2902392e-04
  48  74   2.5269210e-04
  48  75   1.8562801e-04
  48  76   1.2289010e-04
  48  77   4.4085429e-05
  48  78   4.1693100e-06
  48  79   1.4277350e-06
  48  80   4.4492120e-07
  48  81   4.9782650e-08
  48  82   4.5060590e-08
  48  83   8.1179070e-06
  48  84   1.3849920e-06
  48  85   4.4159100e-09
  48  86   6.4631700e-11
  48  87   1.0941200e-12
  48  88   0.0000000e+00
  49  61   0.0000000e+00
  49  62   0.0000000e+00
  49  63   0.0000000e+00
  49  64   0.0000000e+00
  49  65   0.0000000e+00
  49  66   1.6651800e-13
  49  67   5.9728000e-12
  49  68   2.8473350e-10
  49  69   3.8868980e-09
  49  70   7.2617980e-08
  49  71   1.3241946e-06
  49  72   1.3739992e-05
  49  73   3.7499170e-05
  49  74   7.6192800e-05
  49  75   1.2484546e-04
  49  76   2.1458906e-04
  49  77   2.8848460e-04
  49  78   4.4745170e-04
  49  79   4.0424860e-04
  49  80   2.6973715e-04
  49  81   5.2148920e-04
  49  82   1.4998057e-03
  49  83   5.8217590e-04
  49  84   2.0068690e-05
  49  85   1.0459760e-06
  49  86   7.4340080e-08
  49  87   1.4601950e-09
  49  88   7.9004600e-11
  49  89   5.8763100e-14
  50  63   0.0000000e+00
  50  64   0.0000000e+00
  50  65   0.0000000e+00
  50  66   0.0000000e+00
  50  67   0.0000000e+00
  50  68   1.4142400e-13
  50  69   7.5039700e-12
  50  70   8.3102200e-10
  50  71   3.3760576e-08
  50  72   4.1189680e-07
  50  73   1.6959113e-06
  50  74   1.2270900e-05
  50  75   6.9444730e-05
  50  76   1.8826750e-04
  50  77   5.6156720e-04
  50  78   1.3973471e-03
  50  79   2.1391534e-03
  50  80   6.9005090e-03
  50  81   1.0539511e-02
  50  82   1.4894350e-02
  50  83   3.2977400e-03
  50  84   8.9726540e-04
  50  85   1.6893670e-04
  50  86   1.3610950e-05
  50  87   1.6901600e-06
  50  88   1.1018660e-08
  50  89   3.4886700e-11
  50  90   9.7642600e-13
  51  65   0.0000000e+00
  51  66   0.0000000e+00
  51  67   0.0000000e+00
  51  68   0.0000000e+00
  51  69   0.0000000e+00
  51  70   2.0217900e-12
  51  71   7.6585200e-11
  51  72   1.0640980e-09
  51  73   2.5506724e-08
  51  74   9.0011780e-07
  51  75   2.0022530e-07
  51  76   2.7490450e-06
  51  77   2.3310466e-05
  51  78   1.1093145e-04
  51  79   2.0302942e-03
  51  80   3.8797440e-03
  51  81   9.4167580e-03
  51  82   2.1857700e-02
  51  83   1.6890150e-02
  51  84   3.0598960e-03
  51  85   2.4202640e-03
  51  86   9.9596450e-04
  51  87   3.5296310e-05
  51  88   1.1272740e-06
  51  89   7.3576690e-08
  51  90   2.8901270e-09
  51  91   2.6743500e-11
  51  92   2.7952100e-14
  52  67   0.0000000e+00
  52  68   0.0000000e+00
  52  69   0.0000000e+00
  52  70   0.0000000e+00
  52  71   2.0230360e-14
  52  72   2.6097200e-12
  52  73   4.1241890e-10
  52  74   1.7988800e-13
  52  75   8.9369600e-12
  52  76   2.6257700e-10
  52  77   6.9288050e-09
  52  78   1.7572140e-07
  52  79   2.7656731e-04
  52  80   3.7725820e-03
  52  81   1.4969557e-02
  52  82   2.8746350e-02
  52  83   4.2689140e-02
  52  84   2.9751610e-02
  52  85   2.4974970e-02
  52  86   6.3587390e-03
  52  87   1.1013380e-03
  52  88   2.4675790e-04
  52  89   2.0541840e-05
  52  90   8.7299660e-07
  52  91   5.4965880e-09
  52  92   8.7454900e-11
  52  93   6.9004400e-13
  53  69   0.0000000e+00
  53  70   0.0000000e+00
  53  71   0.0000000e+00
  53  72   0.0000000e+00
  53  73   0.0000000e+00
  53  74   0.0000000e+00
  53  75   0.0000000e+00
  53  76   0.0000000e+00
  53  77   1.0570700e-14
  53  78   7.3796150e-08
  53  79   1.0109238e-03
  53  80   3.0264022e-04
  53  81   6.9574700e-03
  53  82   8.9915990e-03
  53  83   1.5722225e-02
  53  84   2.8918260e-02
  53  85   2.9266080e-02
  53  86   8.1137490e-03
  53  87   4.8147890e-03
  53  88   5.3468790e-03
  53  89   6.6149020e-04
  53  90   3.1154790e-05
  53  91   1.5477510e-06
  53  92   5.5945620e-08
  53  93   3.9067400e-10
  53  94   7.8926400e-12
  53  95   1.0760100e-14
  54  71   0.0000000e+00
  54  72   0.0000000e+00
  54  73   0.0000000e+00
  54  74   0.0000000e+00
  54  75   0.0000000e+00
  54  76   0.0000000e+00
  54  77   2.2384310e-12
  54  78   1.7582420e-10
  54  79   3.2766327e-07
  54  80   6.9472400e-06
  54  81   3.5881770e-04
  54  82   8.2858430e-03
  54  83   3.4676910e-03
  54  84   2.8797390e-02
  54  85   5.5825020e-02
  54  86   5.2907120e-02
  54  87   2.0969080e-02
  54  88   9.4983010e-03
  54  89   5.6882720e-03
  54  90   1.2414970e-03
  54  91   1.3293820e-04
  54  92   4.9782100e-06
  54  93   3.3220950e-07
  54  94   2.2496740e-09
  54  95   8.7087300e-12
  54  96   4.2108500e-14
  55  73   0.0000000e+00
  55  74   0.0000000e+00
  55  75   0.0000000e+00
  55  76   0.0000000e+00
  55  77   0.0000000e+00
  55  78   1.1891800e-11
  55  79   6.8882900e-10
  55  80   4.4152010e-08
  55  81   1.4718844e-06
  55  82   1.5567530e-05
  55  83   1.7558810e-05
  55  84   5.8632790e-03
  55  85   1.9944690e-02
  55  86   4.5272830e-02
  55  87   4.9274060e-02
  55  88   4.0573840e-02
  55  89   2.3510430e-02
  55  90   1.0389630e-02
  55  91   1.3250370e-03
  55  92   3.5084730e-04
  55  93   9.0585150e-06
  55  94   2.5987270e-07
  55  95   4.1118020e-09
  55  96   4.7368800e-10
  55  97   8.8396000e-13
  56  75   0.0000000e+00
  56  76   0.0000000e+00
  56  77   0.0000000e+00
  56  78   0.0000000e+00
  56  79   5.9431000e-13
  56  80   4.5191000e-11
  56  81   1.9658890e-09
  56  82   5.8612940e-07
  56  83   3.6899710e-05
  56  84   8.3769600e-04
  56  85   2.9997440e-03
  56  86   5.9201740e-03
  56  87   1.9739610e-02
  56  88   3.3354910e-02
  56  89   3.5170820e-02
  56  90   1.8677450e-02
  56  91   1.1351410e-02
  56  92   1.6849300e-03
  56  93   2.0335460e-04
  56  94   1.4506900e-05
  56  95   2.1958260e-06
  56  96   2.0123210e-08
  56  97   9.3269900e-11
  56  98   3.0395300e-13
  57  76   0.0000000e+00
  57  77   0.0000000e+00
  57  78   0.0000000e+00
  57  79   0.0000000e+00
  57  80   8.0925200e-15
  57  81   1.3744000e-11
  57  82   5.5852710e-09
  57  83   1.0595840e-07
  57  84   3.4289170e-06
  57  85   2.6022750e-05
  57  86   4.1556800e-04
  57  87   2.0962800e-02
  57  88   7.5971080e-03
  57  89   1.9267925e-02
  57  90   1.6680300e-02
  57  91   8.3798000e-03
  57  92   4.7512290e-03
  57  93   9.9666700e-04
  57  94   3.6611530e-04
  57  95   1.0490890e-05
  57  96   3.0780510e-07
  57  97   3.3180660e-09
  57  98   8.6543500e-11
  57  99   3.4740600e-12
  57 100   2.6902400e-14
  58  77   0.0000000e+00
  58  78   0.0000000e+00
  58  79   0.0000000e+00
  58  80   0.0000000e+00
  58  81   0.0000000e+00
  58  82   1.5935500e-12
  58  83   2.2008200e-10
  58  84   1.1874660e-08
  58  85   3.4471540e-07
  58  86   6.2117810e-05
  58  87   7.7389680e-05
  58  88   6.0745480e-03
  58  89   1.3891140e-03
  58  90   8.7138640e-03
  58  91   5.5316420e-03
  58  92   3.9756710e-03
  58  93   2.6323977e-03
  58  94   3.2353140e-04
  58  95   3.6777940e-05
  58  96   1.8580260e-06
  58  97   1.3479640e-07
  58  98   1.7765260e-08
  58  99   3.9220700e-10
  58 100   4.9148900e-12
  58 101   9.8605100e-15
  58 102   0.0000000e+00
  59  79   0.0000000e+00
  59  80   0.0000000e+00
  59  81   0.0000000e+00
  59  82   0.0000000e+00
  59  83   7.4965600e-14
  59  84   8.4469900e-12
  59  85   6.0218800e-10
  59  86   2.6405640e-08
  59  87   1.7745870e-04
  59  88   4.2021500e-06
  59  89   1.2577425e-03
  59  90   3.4536460e-04
  59  91   6.2500280e-04
  59  92   1.2545130e-03
  59  93   3.7784430e-04
  59  94   1.9917280e-04
  59  95   2.7714590e-05
  59  96   7.9253160e-06
  59  97   2.2042620e-06
  59  98   1.9673150e-07
  59  99   8.8745840e-09
  59 100   9.8663700e-11
  59 101   2.2221200e-12
  59 102   5.2007300e-14
  59 103   5.1469800e-16
  60  81   0.0000000e+00
  60  82   0.0000000e+00
  60  83   0.0000000e+00
  60  84   0.0000000e+00
  60  85   2.6058000e-13
  60  86   3.1537400e-11
  60  87   3.4854600e-10
  60  88   5.0438460e-08
  60  89   7.7086910e-07
  60  90   5.9518090e-06
  60  91   3.4390540e-05
  60  92   4.3146260e-05
  60  93   7.2241380e-05
  60  94   3.7036310e-05
  60  95   2.3318530e-05
  60  96   1.7866540e-05
  60  97   3.9902960e-06
  60  98   8.7338510e-07
  60  99   3.4173810e-08
  60 100   3.9370920e-09
  60 101   1.6063200e-10
  60 102   7.3320100e-12
  60 103   1.7158600e-13
  60 104   1.3534100e-15
  61  83   0.0000000e+00
  61  84   0.0000000e+00
  61  85   0.0000000e+00
  61  86   0.0000000e+00
  61  87   8.3171100e-13
  61  88   4.5895800e-11
  61  89   1.1284810e-09
  61  90   3.8745840e-08
  61  91   1.5277566e-07
  61  92   1.4803310e-06
  61  93   2.1156375e-06
  61  94   4.7304210e-06
  61  95   6.5993230e-06
  61  96   4.7624820e-06
  61  97   2.8328920e-06
  61  98   4.8639830e-07
  61  99   1.6243950e-07
  61 100   1.8137330e-08
  61 101   2.1548050e-09
  61 102   2.2588500e-10
  61 103   5.9587100e-12
  61 104   4.5039300e-14
  61 105   1.0825100e-15
  62  84   0.0000000e+00
  62  85   0.0000000e+00
  62  86   0.0000000e+00
  62  87   0.0000000e+00
  62  88   7.7844500e-15
  62  89   1.4614900e-12
  62  90   2.8869000e-11
  62  91   1.1899040e-09
  62  92   8.0608190e-09
  62  93   4.8183480e-08
  62  94   2.0252590e-07
  62  95   3.6559420e-07
  62  96   9.1261260e-07
  62  97   4.3220120e-07
  62  98   4.6744410e-07
  62  99   9.3731200e-08
  62 100   4.3510090e-08
  62 101   1.1468890e-08
  62 102   1.5678580e-09
  62 103   3.6421300e-11
  62 104   3.0604600e-12
  62 105   2.7441400e-13
  62 106   6.8489800e-15
  63  86   0.0000000e+00
  63  87   0.0000000e+00
  63  88   0.0000000e+00
  63  89   0.0000000e+00
  63  90   3.2174500e-14
  63  91   7.3275000e-13
  63  92   1.8635700e-11
  63  93   1.7059400e-10
  63  94   1.2447260e-09
  63  95   1.0601790e-08
  63  96   2.3730000e-08
  63  97   5.7489160e-08
  63  98   3.2313480e-08
  63  99   3.1682140e-08
  63 100   2.9508470e-08
  63 101   1.0612330e-08
  63 102   1.1708470e-09
  63 103   1.8774900e-10
  63 104   5.8468400e-11
  63 105   4.4523800e-12
  63 106   1.8043700e-13
  63 107   4.6361500e-15
  64  87   0.0000000e+00
  64  88   0.0000000e+00
  64  89   0.0000000e+00
  64  90   0.0000000e+00
  64  91   0.0000000e+00
  64  92   0.0000000e+00
  64  93   1.5033400e-13
  64  94   6.8702400e-12
  64  95   5.6336500e-11
  64  96   4.4588300e-10
  64  97   6.0615800e-10
  64  98   2.4131360e-09
  64  99   5.1371760e-09
  64 100   8.0069960e-09
  64 101   2.0772440e-09
  64 102   9.8381400e-10
  64 103   5.5632600e-10
  64 104   1.9498600e-10
  64 105   2.5347100e-11
  64 106   2.7556700e-12
  64 107   1.6098000e-13
  64 108   1.4033000e-14
  65  89   0.0000000e+00
  65  90   0.0000000e+00
  65  91   0.0000000e+00
  65  92   0.0000000e+00
  65  93   0.0000000e+00
  65  94   0.0000000e+00
  65  95   7.5788100e-14
  65  96   4.3901200e-13
  65  97   4.5939700e-12
  65  98   4.3168000e-11
  65  99   1.9937900e-10
  65 100   2.4292600e-10
  65 101   2.0130100e-10
  65 102   3.4916900e-10
  65 103   2.8339400e-10
  65 104   1.6718900e-10
  65 105   4.0353800e-11
  65 106   9.5822000e-12
  65 107   1.6818500e-12
  66  91   0.0000000e+00
  66  92   0.0000000e+00
  66  93   0.0000000e+00
  66  94   0.0000000e+00
  66  95   0.0000000e+00
  66  96   0.0000000e+00
  66  97   1.3241900e-14
  66  98   3.4556800e-13
  66  99   1.2814146e-12
  66 100   3.5897400e-12
  66 101   1.2404200e-11
  66 102   4.6777900e-11
  66 103   7.4462000e-11
  66 104   6.0397700e-11
  66 105   3.0174800e-11
  66 106   1.6023300e-11
  67  93   0.0000000e+00
  67  94   0.0000000e+00
  67  95   0.0000000e+00
  67  96   0.0000000e+00
  67  97   0.0000000e+00
  67  98   2.3902200e-16
  67  99   1.3857920e-15
  67 100   1.7049500e-14
  67 101   1.9779930e-13
  67 102   1.7259700e-12
  67 103   3.4374230e-12
  67 104   6.4005800e-12
  67 105   5.9613200e-12
  68  95   0.0000000e+00
  68  96   0.0000000e+00
  68  97   0.0000000e+00
  68  98   0.0000000e+00
  68  99   0.0000000e+00
  68 100   4.9680600e-17
  68 101   1.5473300e-15
  68 102   1.3372200e-14
  68 103   6.5028800e-14
  68 104   2.1095400e-13
  69  97   0.0000000e+00
  69  98   0.0000000e+00
  69  99   0.0000000e+00
  69 100   0.0000000e+00
  69 101   0.0000000e+00
  69 102   2.3531300e-17
  69 103   1.5995800e-16
  70  98   0.0000000e+00
  70  99   0.0000000e+00
  70 100   0.0000000e+00
  70 101   0.0000000e+00
  70 102   0.0000000e+00
  71 101   0.0000000e+00
